[0]
[8, 46, 18, 15, 16, 5, 20, 11, 29, 4, 30, 32, 27, 59, 33, 7, 22, 44, 21, 71, 50, 53, 9, 55]
[4, 6, 37, 26, 70, 48, 9, 20, 23, 72, 41, 51, 68, 50, 42, 62, 73, 71, 64, 18, 13, 10, 66, 40]
[17, 10, 52, 96, 14, 93, 88, 39, 9, 54, 13, 49, 91, 76, 41, 85, 5, 28, 83, 19, 37, 36, 74, 92]
[37, 26, 48, 2, 23, 41, 51, 36, 42, 18, 1, 50, 35, 5, 20, 38, 9, 13, 12, 47, 28, 46, 40, 24]
[18, 1, 9, 20, 26, 3, 19, 39, 44, 35, 31, 14, 43, 4, 25, 23, 17, 6, 32, 33, 22, 40, 34, 24]
[9, 20, 2, 50, 44, 31, 48, 5, 14, 43, 53, 25, 18, 42, 23, 17, 32, 33, 45, 19, 51, 22, 34, 24]
[11, 95, 30, 8, 80, 82, 15, 16, 1, 86, 53, 46, 59, 29, 81, 22, 27, 32, 99, 89, 33, 21, 44, 55]
[1, 30, 46, 80, 99, 82, 15, 16, 95, 86, 81, 11, 7, 29, 27, 32, 59, 89, 33, 22, 44, 21, 53, 55]
[42, 35, 83, 63, 38, 26, 68, 3, 6, 49, 76, 74, 52, 5, 19, 20, 39, 2, 79, 4, 50, 71, 18, 1]
[17, 88, 96, 3, 54, 39, 14, 93, 52, 41, 85, 90, 28, 49, 13, 37, 36, 94, 62, 68, 42, 66, 26, 2]
[7, 82, 15, 16, 80, 1, 8, 86, 95, 46, 81, 29, 32, 30, 27, 59, 99, 89, 33, 22, 21, 44, 53, 55]
[35, 25, 27, 20, 65, 28, 38, 55, 37, 46, 63, 18, 13, 61, 47, 29, 67, 21, 4, 30, 40, 24, 36, 50]
[18, 52, 14, 3, 10, 17, 54, 41, 37, 28, 64, 50, 39, 26, 36, 12, 49, 38, 46, 47, 4, 40, 24, 2]
[39, 3, 17, 10, 13, 28, 44, 31, 48, 41, 43, 25, 5, 23, 32, 37, 36, 33, 45, 19, 6, 22, 34, 24]
[16, 82, 80, 1, 8, 59, 86, 95, 46, 53, 29, 81, 11, 33, 30, 32, 7, 27, 99, 89, 22, 21, 44, 55]
[15, 82, 80, 33, 1, 8, 86, 95, 44, 46, 81, 55, 11, 30, 32, 29, 27, 59, 99, 89, 7, 22, 21, 53]
[10, 3, 14, 39, 37, 41, 28, 44, 13, 36, 31, 48, 43, 25, 5, 23, 32, 33, 45, 19, 6, 22, 34, 24]
[38, 20, 13, 36, 1, 5, 4, 28, 37, 12, 6, 47, 9, 46, 2, 40, 24, 25, 29, 27, 35, 21, 30, 42]
[31, 43, 56, 23, 49, 24, 52, 9, 5, 3, 39, 48, 44, 14, 53, 25, 17, 32, 33, 45, 6, 51, 22, 34]
[18, 6, 1, 9, 5, 2, 46, 38, 12, 4, 50, 29, 55, 25, 47, 28, 27, 35, 61, 42, 21, 30, 63, 36]
[27, 29, 15, 25, 16, 1, 8, 35, 28, 30, 46, 38, 12, 11, 20, 47, 32, 33, 7, 22, 44, 53, 36, 18]
[32, 44, 15, 16, 1, 8, 31, 14, 43, 25, 7, 5, 11, 23, 17, 33, 29, 30, 27, 19, 21, 6, 34, 24]
[50, 31, 43, 24, 48, 4, 19, 37, 26, 2, 41, 44, 51, 14, 25, 42, 5, 17, 32, 33, 45, 6, 22, 34]
[31, 43, 23, 19, 44, 14, 12, 37, 18, 25, 13, 28, 5, 38, 17, 32, 4, 33, 45, 6, 22, 34, 40, 36]
[35, 12, 31, 14, 29, 34, 43, 27, 28, 38, 5, 30, 23, 17, 21, 32, 33, 19, 20, 6, 22, 24, 36, 18]
[63, 35, 42, 4, 9, 38, 48, 70, 68, 37, 73, 72, 2, 5, 64, 41, 23, 51, 13, 50, 62, 40, 10, 66]
[21, 29, 12, 35, 30, 25, 8, 15, 16, 1, 28, 46, 38, 11, 20, 7, 47, 32, 33, 22, 44, 36, 53, 18]
[47, 40, 14, 39, 10, 3, 17, 41, 38, 36, 12, 37, 25, 13, 46, 18, 29, 27, 35, 21, 30, 20, 24, 4]
[35, 30, 27, 53, 46, 15, 25, 38, 16, 1, 8, 21, 20, 28, 12, 7, 11, 47, 32, 33, 22, 44, 36, 18]
[8, 29, 35, 27, 7, 16, 33, 15, 1, 25, 38, 32, 46, 21, 28, 11, 12, 22, 44, 20, 47, 53, 36, 18]
[43, 24, 23, 48, 61, 44, 19, 59, 56, 57, 14, 53, 25, 5, 17, 32, 58, 60, 33, 45, 6, 51, 22, 34]
[22, 44, 16, 31, 8, 15, 14, 1, 33, 43, 25, 30, 5, 11, 23, 17, 29, 19, 27, 7, 6, 34, 21, 24]
[16, 44, 15, 30, 32, 1, 31, 8, 14, 43, 25, 5, 11, 23, 17, 29, 22, 19, 27, 6, 7, 34, 21, 24]
[57, 51, 56, 43, 25, 61, 44, 59, 31, 48, 14, 53, 5, 23, 17, 32, 58, 33, 45, 19, 6, 22, 60, 24]
[42, 63, 26, 9, 38, 68, 29, 12, 30, 25, 5, 27, 61, 55, 4, 71, 28, 21, 67, 46, 20, 47, 36, 18]
[38, 18, 41, 4, 28, 10, 17, 3, 14, 13, 39, 37, 12, 25, 46, 47, 29, 27, 40, 35, 24, 21, 30, 20]
[4, 17, 26, 41, 48, 2, 23, 10, 3, 28, 13, 12, 42, 14, 18, 46, 50, 39, 38, 47, 49, 36, 40, 24]
[42, 35, 9, 18, 26, 36, 20, 28, 55, 29, 12, 25, 46, 4, 37, 30, 27, 13, 47, 61, 21, 40, 24, 50]
[88, 54, 104, 14, 102, 93, 10, 52, 3, 17, 49, 96, 28, 85, 105, 91, 9, 5, 19, 41, 13, 37, 36, 103]
[65, 28, 47, 81, 69, 73, 5, 12, 37, 18, 13, 46, 38, 64, 4, 26, 72, 24, 36, 74, 76, 41, 50, 2]
[62, 17, 37, 10, 42, 3, 4, 36, 54, 26, 48, 2, 14, 64, 28, 23, 39, 49, 13, 51, 66, 52, 50, 40]
[35, 63, 9, 68, 38, 26, 62, 41, 4, 48, 70, 37, 2, 23, 72, 10, 51, 66, 6, 74, 20, 50, 71, 18]
[56, 31, 24, 57, 23, 48, 34, 19, 61, 44, 59, 14, 53, 25, 5, 17, 60, 32, 58, 33, 45, 6, 51, 22]
[31, 14, 43, 25, 16, 5, 23, 17, 32, 33, 19, 6, 22, 34, 1, 8, 15, 24, 11, 30, 29, 27, 7, 21]
[58, 61, 44, 59, 57, 31, 48, 14, 43, 53, 25, 5, 23, 17, 32, 56, 33, 19, 6, 51, 22, 34, 60, 24]
[1, 8, 20, 15, 29, 16, 12, 28, 11, 37, 25, 27, 30, 7, 21, 13, 32, 33, 35, 22, 18, 24, 4, 36]
[28, 40, 46, 65, 12, 37, 38, 55, 13, 25, 18, 20, 29, 27, 67, 35, 61, 21, 4, 30, 63, 24, 36, 50]
[31, 4, 26, 43, 44, 24, 23, 37, 2, 14, 41, 25, 51, 19, 5, 17, 32, 42, 33, 45, 50, 6, 22, 34]
[39, 105, 91, 3, 52, 9, 5, 104, 19, 14, 93, 28, 10, 88, 96, 54, 17, 102, 85, 41, 13, 37, 36, 103]
[23, 2, 6, 4, 13, 20, 9, 18, 37, 26, 48, 41, 1, 51, 5, 42, 12, 38, 47, 28, 46, 40, 36, 24]
[34, 4, 25, 37, 23, 48, 26, 2, 41, 44, 31, 14, 43, 42, 50, 5, 17, 32, 33, 45, 19, 6, 22, 24]
[14, 93, 3, 39, 102, 17, 13, 88, 105, 91, 10, 49, 85, 96, 9, 5, 104, 19, 54, 41, 103, 28, 37, 36]
[33, 29, 15, 31, 14, 43, 25, 5, 23, 17, 32, 7, 19, 6, 22, 34, 16, 1, 8, 24, 11, 30, 27, 21]
[88, 39, 109, 115, 10, 17, 96, 3, 102, 104, 117, 14, 93, 41, 28, 122, 126, 49, 13, 85, 37, 36, 52, 103]
[27, 21, 29, 25, 33, 16, 35, 28, 38, 12, 30, 46, 20, 47, 32, 44, 15, 1, 8, 36, 18, 11, 7, 22]
[43, 57, 34, 31, 19, 23, 24, 61, 44, 48, 59, 14, 5, 53, 25, 17, 32, 58, 33, 45, 6, 60, 51, 22]
[34, 43, 61, 56, 51, 44, 59, 31, 48, 14, 25, 53, 5, 23, 17, 32, 58, 33, 45, 19, 6, 22, 60, 24]
[45, 61, 44, 59, 57, 31, 48, 14, 43, 53, 25, 5, 23, 17, 32, 56, 33, 19, 6, 51, 22, 34, 60, 24]
[33, 31, 14, 15, 43, 25, 29, 5, 23, 17, 32, 19, 16, 1, 8, 22, 6, 34, 7, 24, 11, 30, 27, 21]
[24, 61, 31, 43, 48, 44, 23, 59, 57, 14, 19, 53, 25, 5, 56, 17, 32, 58, 33, 45, 6, 51, 22, 34]
[31, 14, 25, 5, 29, 23, 17, 35, 32, 33, 19, 30, 24, 6, 22, 34, 12, 27, 28, 38, 21, 20, 36, 18]
[41, 42, 44, 10, 26, 2, 43, 31, 48, 51, 14, 25, 34, 53, 5, 23, 17, 32, 33, 45, 19, 6, 22, 24]
[35, 42, 26, 9, 38, 68, 5, 55, 4, 12, 27, 25, 28, 71, 29, 67, 46, 61, 21, 30, 20, 47, 36, 18]
[51, 26, 37, 41, 34, 13, 25, 44, 31, 48, 14, 43, 2, 5, 23, 17, 32, 33, 45, 19, 6, 22, 40, 24]
[40, 105, 95, 106, 81, 93, 69, 18, 103, 13, 37, 12, 4, 38, 47, 28, 104, 46, 84, 100, 36, 24, 73, 50]
[45, 44, 31, 48, 14, 43, 53, 25, 5, 23, 17, 32, 33, 19, 41, 6, 51, 22, 34, 24, 42, 10, 26, 2]
[30, 25, 28, 38, 29, 27, 35, 12, 21, 20, 31, 14, 5, 34, 23, 17, 32, 33, 19, 36, 6, 22, 18, 24]
[62, 42, 41, 35, 63, 9, 26, 38, 83, 4, 90, 37, 48, 70, 2, 85, 94, 23, 72, 87, 51, 10, 66, 50]
[19, 31, 43, 24, 23, 44, 14, 25, 18, 13, 37, 5, 12, 17, 32, 28, 38, 4, 33, 6, 22, 34, 40, 36]
[48, 31, 4, 26, 43, 44, 24, 23, 37, 2, 14, 41, 25, 19, 5, 17, 32, 42, 33, 45, 50, 6, 22, 34]
[25, 61, 55, 12, 35, 28, 38, 20, 27, 29, 18, 1, 5, 46, 6, 21, 9, 30, 2, 47, 4, 50, 36, 42]
[44, 23, 4, 31, 37, 14, 26, 2, 45, 43, 41, 25, 5, 17, 32, 33, 19, 6, 22, 34, 42, 13, 24, 40]
[24, 26, 37, 31, 19, 23, 13, 14, 25, 18, 5, 2, 17, 28, 32, 40, 33, 6, 22, 34, 12, 4, 38, 36]
[6, 76, 79, 98, 97, 9, 20, 2, 92, 83, 72, 73, 90, 64, 26, 50, 37, 71, 13, 18, 3, 41, 42, 40]
[99, 55, 25, 12, 38, 28, 71, 100, 29, 35, 27, 67, 46, 61, 103, 21, 30, 101, 63, 20, 47, 36, 84, 18]
[97, 74, 9, 83, 137, 3, 143, 64, 73, 90, 136, 113, 72, 26, 92, 37, 116, 142, 41, 138, 13, 104, 2, 40]
[51, 44, 59, 57, 31, 48, 14, 43, 34, 25, 53, 5, 58, 23, 17, 45, 32, 56, 33, 19, 6, 22, 60, 24]
[51, 58, 45, 34, 25, 44, 59, 57, 31, 48, 14, 43, 53, 5, 23, 17, 32, 56, 33, 19, 6, 22, 60, 24]
[123, 6, 74, 98, 121, 20, 118, 114, 18, 110, 1, 111, 100, 5, 122, 115, 94, 9, 2, 4, 50, 71, 116, 42]
[33, 30, 8, 82, 16, 15, 1, 59, 95, 86, 53, 46, 81, 11, 55, 7, 32, 29, 27, 89, 99, 44, 22, 21]
[15, 16, 1, 18, 8, 13, 28, 37, 21, 12, 40, 11, 38, 4, 29, 30, 32, 27, 33, 7, 22, 36, 24, 44]
[16, 15, 33, 1, 8, 31, 11, 14, 32, 43, 25, 30, 7, 29, 5, 27, 22, 23, 17, 21, 19, 6, 34, 24]
[26, 63, 35, 73, 9, 42, 92, 90, 64, 38, 68, 76, 72, 87, 74, 5, 37, 3, 97, 13, 41, 4, 2, 40]
[13, 24, 31, 18, 23, 12, 28, 19, 14, 25, 5, 17, 32, 33, 6, 22, 34, 4, 30, 29, 27, 35, 21, 20]
[48, 70, 26, 4, 14, 39, 52, 17, 10, 37, 3, 2, 41, 23, 72, 28, 49, 51, 68, 54, 42, 50, 13, 36]
[82, 15, 16, 80, 1, 8, 21, 95, 81, 46, 11, 29, 30, 32, 27, 59, 99, 89, 33, 7, 22, 44, 53, 55]
[2, 114, 92, 26, 63, 4, 83, 111, 5, 37, 23, 70, 117, 48, 35, 85, 72, 41, 51, 68, 42, 50, 96, 113]
[54, 39, 10, 109, 102, 17, 115, 96, 3, 104, 14, 93, 52, 85, 117, 28, 122, 41, 126, 49, 13, 37, 36, 103]
[53, 59, 33, 80, 15, 82, 16, 1, 8, 86, 95, 81, 46, 11, 29, 44, 30, 32, 27, 99, 7, 22, 21, 55]
[31, 43, 24, 23, 19, 10, 26, 37, 41, 44, 13, 42, 14, 25, 5, 2, 17, 32, 33, 45, 6, 22, 34, 40]
[44, 5, 49, 31, 48, 52, 9, 14, 19, 3, 39, 45, 43, 53, 25, 23, 17, 32, 33, 6, 51, 22, 34, 24]
[83, 63, 26, 87, 111, 5, 35, 74, 72, 73, 64, 90, 113, 37, 76, 41, 13, 9, 97, 3, 104, 2, 40, 116]
[14, 13, 52, 39, 3, 17, 10, 28, 18, 65, 54, 49, 69, 41, 37, 12, 36, 4, 38, 50, 47, 46, 40, 24]
[18, 5, 41, 1, 20, 31, 4, 14, 10, 25, 23, 17, 40, 32, 42, 33, 19, 6, 22, 34, 9, 24, 26, 2]
[13, 18, 8, 15, 1, 16, 7, 30, 37, 12, 11, 4, 38, 28, 22, 29, 32, 27, 40, 33, 36, 24, 21, 44]
[17, 10, 50, 3, 23, 14, 39, 54, 72, 52, 41, 28, 49, 13, 37, 36, 51, 4, 26, 70, 48, 2, 68, 42]
[76, 74, 9, 137, 83, 3, 143, 64, 116, 73, 72, 90, 136, 113, 142, 92, 26, 37, 138, 13, 41, 104, 2, 40]
[6, 20, 18, 1, 5, 9, 44, 2, 31, 48, 14, 43, 45, 25, 4, 23, 17, 32, 33, 19, 22, 34, 24, 42]
[46, 1, 8, 29, 22, 32, 25, 35, 15, 16, 28, 38, 27, 30, 12, 21, 44, 11, 20, 47, 33, 7, 36, 18]
[6, 9, 20, 2, 13, 18, 28, 25, 38, 36, 50, 47, 40, 29, 27, 12, 35, 46, 21, 30, 42, 37, 4, 24]
[63, 42, 35, 9, 38, 26, 68, 12, 55, 4, 27, 25, 28, 71, 29, 67, 61, 46, 21, 30, 20, 47, 36, 18]
[39, 10, 14, 45, 17, 3, 28, 41, 44, 31, 13, 43, 37, 25, 36, 5, 23, 32, 33, 19, 6, 22, 34, 24]
[18, 36, 38, 17, 10, 28, 3, 13, 37, 25, 12, 14, 39, 41, 46, 29, 27, 4, 35, 21, 30, 40, 20, 24]
[28, 14, 39, 10, 17, 3, 47, 54, 40, 49, 52, 41, 13, 37, 36, 12, 46, 38, 18, 26, 4, 24, 2, 50]
[65, 40, 108, 196, 204, 91, 49, 118, 184, 142, 52, 9, 5, 115, 127, 178, 131, 3, 19, 39, 109, 215, 217, 139]
[28, 47, 40, 65, 18, 37, 13, 12, 38, 46, 4, 24, 36, 55, 25, 29, 27, 35, 30, 50, 61, 21, 63, 20]
[15, 16, 1, 8, 29, 12, 28, 37, 30, 11, 13, 25, 18, 32, 27, 35, 33, 7, 22, 21, 4, 24, 36, 20]
[40, 44, 59, 5, 57, 31, 48, 14, 43, 53, 25, 23, 17, 32, 56, 58, 33, 45, 6, 19, 51, 22, 34, 24]
[39, 14, 44, 10, 17, 3, 28, 31, 5, 41, 43, 25, 13, 23, 19, 32, 9, 37, 36, 33, 6, 22, 34, 24]
[45, 5, 18, 1, 20, 44, 31, 48, 14, 4, 43, 25, 23, 17, 32, 40, 33, 50, 19, 6, 22, 34, 9, 24]
[5, 45, 18, 1, 20, 26, 44, 35, 31, 14, 43, 25, 4, 23, 17, 6, 32, 33, 19, 22, 34, 40, 24, 9]
[11, 82, 21, 95, 8, 1, 86, 15, 16, 80, 81, 7, 46, 32, 22, 29, 30, 27, 59, 89, 33, 44, 53, 55]
[42, 35, 26, 63, 9, 38, 68, 73, 64, 37, 41, 62, 72, 13, 4, 2, 48, 70, 23, 66, 10, 51, 40, 50]
[2, 4, 87, 18, 1, 85, 5, 94, 37, 20, 79, 26, 48, 70, 23, 72, 41, 51, 68, 42, 50, 71, 96, 9]
[10, 3, 54, 17, 39, 5, 49, 18, 41, 52, 14, 1, 9, 28, 20, 79, 19, 13, 37, 36, 85, 4, 71, 50]
[41, 31, 14, 25, 5, 42, 23, 17, 10, 32, 33, 19, 6, 22, 34, 9, 3, 24, 18, 1, 26, 20, 2, 4]
[50, 23, 72, 4, 48, 70, 26, 10, 17, 3, 37, 41, 54, 2, 14, 39, 28, 49, 51, 68, 13, 36, 42, 52]
[6, 9, 5, 3, 19, 39, 20, 2, 44, 31, 48, 14, 43, 25, 23, 17, 32, 33, 45, 22, 18, 34, 42, 24]
[65, 18, 37, 13, 12, 28, 38, 46, 55, 47, 25, 4, 29, 27, 40, 35, 24, 36, 61, 21, 30, 63, 20, 50]
[8, 80, 30, 82, 21, 15, 16, 86, 1, 95, 81, 46, 11, 7, 29, 32, 27, 22, 59, 89, 33, 44, 53, 55]
[20, 12, 6, 18, 1, 9, 5, 2, 35, 25, 27, 4, 50, 55, 61, 28, 38, 42, 29, 46, 21, 30, 47, 36]
[50, 23, 14, 4, 39, 48, 26, 28, 18, 1, 37, 5, 10, 20, 41, 3, 49, 17, 2, 51, 13, 42, 36, 9]
[6, 20, 18, 9, 1, 2, 5, 65, 69, 13, 4, 37, 50, 12, 71, 38, 47, 28, 46, 40, 36, 24, 73, 42]
[18, 13, 20, 65, 1, 5, 84, 81, 79, 69, 37, 4, 12, 38, 50, 47, 28, 46, 71, 73, 40, 36, 24, 9]
[15, 16, 1, 8, 32, 11, 18, 13, 37, 7, 29, 12, 30, 27, 33, 4, 38, 22, 21, 28, 44, 40, 36, 24]
[28, 14, 47, 18, 13, 40, 1, 3, 5, 20, 39, 10, 17, 49, 41, 4, 37, 36, 12, 46, 50, 38, 9, 24]
[10, 3, 54, 17, 39, 5, 49, 18, 14, 1, 41, 52, 28, 9, 20, 79, 19, 13, 37, 36, 85, 4, 71, 50]
[4, 48, 70, 26, 85, 18, 37, 1, 5, 2, 20, 79, 41, 23, 72, 68, 51, 62, 42, 50, 71, 9, 10, 66]
[42, 35, 63, 9, 38, 68, 26, 83, 62, 41, 4, 37, 48, 70, 2, 85, 23, 72, 90, 87, 51, 10, 50, 66]
[28, 10, 12, 17, 3, 37, 38, 46, 13, 41, 18, 25, 14, 39, 29, 27, 35, 36, 30, 4, 21, 40, 24, 20]
[98, 6, 9, 20, 5, 79, 74, 100, 18, 1, 105, 91, 2, 49, 94, 52, 3, 19, 39, 4, 50, 109, 71, 42]
[18, 36, 38, 1, 5, 20, 55, 25, 28, 71, 29, 27, 67, 35, 12, 46, 61, 21, 4, 30, 63, 47, 50, 9]
[35, 42, 26, 9, 38, 45, 5, 44, 4, 31, 48, 14, 43, 25, 40, 23, 17, 32, 33, 19, 6, 22, 34, 24]
[53, 33, 16, 82, 80, 59, 15, 29, 46, 5, 55, 81, 30, 1, 8, 32, 44, 7, 86, 40, 11, 27, 22, 21]
[21, 5, 15, 29, 16, 1, 8, 38, 35, 30, 25, 11, 27, 40, 28, 32, 33, 12, 7, 22, 44, 20, 36, 18]
[73, 83, 90, 113, 64, 110, 26, 134, 133, 108, 37, 94, 111, 72, 5, 74, 92, 13, 76, 41, 104, 40, 2, 97]
[18, 28, 13, 47, 40, 76, 9, 20, 83, 3, 81, 5, 65, 69, 50, 38, 73, 12, 37, 74, 4, 46, 36, 24]
[4, 41, 37, 26, 62, 68, 70, 48, 2, 72, 23, 5, 42, 73, 83, 51, 64, 10, 50, 40, 74, 13, 76, 66]
[14, 93, 39, 28, 10, 96, 3, 88, 54, 17, 49, 102, 94, 41, 85, 5, 13, 37, 36, 52, 40, 91, 9, 19]
[22, 32, 38, 29, 15, 16, 1, 8, 46, 25, 30, 35, 11, 28, 27, 21, 12, 33, 7, 20, 47, 44, 36, 18]
[82, 15, 80, 16, 1, 8, 86, 95, 46, 81, 11, 30, 29, 22, 32, 27, 59, 89, 7, 33, 21, 44, 53, 55]
[44, 5, 31, 48, 49, 14, 52, 9, 19, 3, 39, 43, 25, 23, 17, 32, 33, 45, 6, 51, 22, 34, 40, 24]
[3, 13, 14, 10, 17, 9, 41, 5, 28, 39, 37, 36, 31, 43, 25, 40, 23, 32, 33, 19, 6, 22, 34, 24]
[94, 5, 36, 38, 18, 40, 55, 28, 25, 20, 75, 71, 29, 27, 67, 35, 12, 46, 61, 21, 30, 63, 47, 84]
[18, 1, 5, 20, 29, 35, 30, 4, 27, 71, 61, 55, 25, 50, 21, 28, 38, 67, 9, 12, 46, 63, 47, 36]
[50, 117, 122, 96, 2, 23, 72, 154, 128, 114, 70, 48, 26, 85, 87, 41, 68, 4, 37, 129, 138, 42, 51, 113]
[82, 15, 16, 80, 1, 8, 95, 86, 22, 46, 81, 11, 7, 29, 21, 30, 32, 27, 59, 89, 33, 44, 53, 55]
[5, 6, 74, 9, 79, 20, 76, 98, 100, 83, 3, 18, 97, 2, 91, 50, 56, 38, 71, 12, 94, 92, 42, 40]
[13, 18, 5, 10, 17, 3, 28, 41, 14, 12, 38, 39, 37, 40, 29, 36, 25, 30, 35, 27, 24, 21, 4, 20]
[29, 35, 25, 21, 30, 12, 27, 28, 1, 15, 16, 8, 18, 13, 11, 20, 5, 4, 32, 33, 7, 22, 36, 24]
[62, 41, 68, 42, 138, 129, 116, 113, 90, 153, 156, 128, 18, 20, 124, 137, 94, 148, 10, 26, 66, 2, 38, 12]
[6, 74, 79, 9, 20, 2, 94, 5, 73, 83, 90, 50, 64, 26, 40, 37, 72, 71, 18, 92, 13, 42, 76, 41]
[137, 76, 135, 9, 18, 20, 110, 124, 83, 136, 3, 97, 134, 133, 108, 94, 111, 5, 38, 116, 40, 74, 12, 92]
[9, 50, 42, 35, 63, 6, 38, 74, 23, 26, 72, 68, 83, 20, 2, 79, 4, 71, 37, 48, 70, 18, 41, 51]
[46, 1, 8, 53, 59, 29, 15, 5, 11, 82, 7, 16, 80, 86, 32, 44, 40, 81, 30, 27, 33, 22, 21, 55]
[26, 18, 20, 37, 13, 41, 10, 14, 17, 3, 39, 28, 38, 49, 2, 12, 36, 52, 40, 4, 47, 46, 24, 50]
[11, 7, 18, 20, 15, 16, 80, 1, 8, 38, 46, 81, 12, 32, 29, 30, 27, 59, 33, 22, 21, 44, 53, 55]
[20, 18, 5, 38, 25, 12, 28, 40, 29, 27, 35, 21, 30, 15, 16, 1, 8, 36, 11, 32, 33, 7, 22, 44]
[53, 59, 33, 80, 15, 29, 46, 5, 1, 7, 82, 16, 8, 86, 40, 81, 44, 11, 30, 32, 27, 22, 21, 55]
[44, 31, 9, 14, 3, 43, 5, 25, 23, 17, 32, 41, 33, 45, 19, 6, 22, 34, 42, 24, 40, 10, 26, 2]
[28, 12, 14, 10, 39, 37, 17, 3, 38, 41, 13, 18, 36, 29, 40, 5, 25, 24, 30, 4, 35, 27, 21, 20]
[30, 8, 21, 15, 16, 1, 18, 20, 46, 11, 7, 29, 27, 32, 33, 38, 22, 44, 12, 25, 28, 35, 47, 36]
[6, 20, 18, 9, 5, 1, 2, 31, 14, 25, 13, 37, 4, 12, 23, 17, 28, 32, 33, 19, 22, 34, 24, 36]
[18, 20, 94, 5, 55, 38, 25, 28, 75, 71, 12, 29, 27, 67, 35, 46, 61, 21, 36, 40, 30, 63, 47, 84]
[8, 30, 15, 16, 1, 29, 46, 11, 35, 27, 25, 7, 38, 32, 28, 21, 33, 22, 12, 44, 20, 47, 36, 18]
[50, 94, 23, 72, 4, 41, 96, 26, 48, 70, 85, 37, 2, 68, 62, 87, 108, 51, 42, 5, 66, 90, 10, 40]
[1, 8, 5, 18, 13, 37, 12, 4, 38, 28, 40, 15, 16, 36, 24, 11, 29, 30, 32, 27, 33, 7, 22, 21]
[38, 42, 35, 63, 9, 26, 68, 36, 18, 55, 25, 28, 71, 67, 29, 27, 12, 46, 61, 21, 30, 4, 20, 47]
[73, 83, 90, 64, 62, 41, 26, 68, 108, 37, 94, 72, 5, 42, 74, 92, 13, 76, 104, 2, 40, 10, 97, 66]
[10, 17, 3, 41, 14, 28, 39, 5, 13, 31, 37, 36, 25, 23, 32, 40, 33, 19, 6, 22, 34, 24, 26, 2]
[5, 15, 16, 1, 8, 25, 29, 38, 28, 27, 11, 30, 35, 21, 12, 40, 32, 33, 7, 22, 20, 44, 36, 18]
[15, 59, 53, 16, 33, 80, 5, 82, 1, 8, 86, 40, 46, 81, 44, 11, 29, 30, 32, 27, 7, 22, 21, 55]
[58, 45, 44, 59, 57, 31, 48, 14, 5, 43, 53, 25, 23, 17, 32, 56, 33, 19, 6, 51, 22, 34, 40, 24]
[64, 18, 20, 72, 124, 137, 41, 90, 73, 83, 136, 113, 76, 92, 38, 26, 37, 12, 74, 13, 104, 2, 97, 40]
[39, 54, 88, 14, 93, 3, 28, 76, 10, 9, 17, 83, 49, 94, 41, 85, 5, 13, 37, 36, 52, 40, 74, 92]
[46, 1, 8, 44, 7, 82, 15, 22, 16, 80, 86, 5, 81, 11, 32, 29, 30, 27, 59, 33, 21, 40, 53, 55]
[20, 55, 25, 28, 75, 71, 38, 29, 27, 94, 67, 35, 12, 46, 61, 5, 21, 30, 63, 47, 40, 36, 84, 18]
[98, 6, 9, 20, 5, 79, 74, 18, 100, 1, 105, 91, 49, 2, 94, 52, 3, 19, 39, 4, 50, 109, 71, 42]
[55, 25, 38, 28, 29, 12, 20, 27, 35, 18, 46, 61, 21, 30, 63, 47, 37, 13, 36, 40, 65, 24, 4, 50]
[136, 73, 83, 90, 18, 20, 113, 64, 124, 137, 26, 37, 72, 74, 92, 13, 97, 76, 41, 38, 12, 104, 2, 40]
[44, 31, 48, 14, 5, 43, 25, 45, 23, 17, 32, 6, 33, 19, 22, 34, 9, 20, 40, 2, 24, 50, 18, 42]
[41, 31, 14, 43, 25, 42, 5, 23, 17, 10, 32, 33, 19, 6, 22, 34, 26, 18, 1, 24, 2, 20, 4, 9]
[39, 54, 88, 104, 14, 93, 28, 10, 96, 17, 3, 49, 108, 102, 94, 41, 5, 85, 13, 37, 36, 52, 40, 103]
[5, 108, 111, 105, 91, 49, 118, 52, 9, 115, 18, 3, 20, 19, 39, 124, 110, 109, 94, 38, 6, 56, 40, 12]
[18, 20, 15, 16, 1, 8, 46, 11, 7, 5, 22, 29, 38, 30, 32, 27, 59, 33, 21, 12, 44, 40, 53, 55]
[104, 14, 93, 39, 28, 10, 88, 96, 54, 3, 17, 49, 108, 102, 94, 85, 5, 41, 13, 37, 36, 52, 40, 103]
[4, 37, 26, 48, 70, 2, 85, 23, 72, 87, 41, 5, 51, 68, 42, 73, 83, 90, 50, 64, 40, 74, 13, 76]
[18, 13, 36, 38, 20, 28, 55, 25, 50, 47, 12, 65, 29, 27, 40, 35, 46, 61, 21, 30, 63, 37, 4, 24]
[4, 37, 26, 70, 48, 114, 2, 85, 23, 72, 87, 41, 51, 68, 42, 50, 113, 110, 108, 94, 111, 5, 96, 40]
[45, 58, 44, 59, 57, 5, 31, 48, 14, 43, 53, 25, 23, 17, 32, 56, 33, 19, 40, 6, 51, 22, 34, 24]
[6, 9, 44, 20, 2, 31, 48, 5, 14, 43, 25, 45, 23, 17, 50, 32, 33, 19, 22, 34, 40, 18, 24, 42]
[12, 18, 20, 35, 25, 27, 38, 55, 75, 71, 29, 28, 100, 61, 101, 99, 46, 30, 67, 63, 21, 47, 36, 84]
[30, 8, 80, 95, 21, 11, 82, 7, 81, 86, 32, 15, 27, 16, 1, 46, 29, 59, 89, 33, 22, 44, 53, 55]
[33, 30, 59, 8, 53, 18, 20, 5, 7, 15, 27, 38, 16, 1, 32, 21, 44, 12, 46, 40, 11, 29, 22, 55]
[18, 20, 31, 14, 25, 17, 5, 10, 3, 23, 32, 33, 12, 19, 28, 6, 22, 34, 13, 37, 26, 36, 24, 2]
[73, 65, 83, 40, 90, 64, 26, 37, 72, 74, 92, 13, 76, 41, 2, 18, 1, 5, 20, 79, 4, 71, 50, 9]
[50, 23, 4, 37, 26, 48, 2, 18, 1, 5, 41, 20, 51, 13, 42, 12, 38, 47, 28, 46, 40, 36, 24, 9]
[110, 18, 20, 97, 108, 94, 5, 73, 83, 90, 64, 26, 92, 72, 37, 38, 74, 40, 76, 12, 13, 41, 104, 2]
[85, 114, 70, 48, 26, 110, 108, 94, 111, 5, 41, 4, 68, 37, 2, 23, 72, 87, 96, 40, 50, 51, 42, 113]
[18, 20, 25, 28, 29, 12, 27, 35, 22, 21, 32, 30, 15, 16, 1, 8, 37, 13, 11, 33, 7, 36, 4, 24]
[15, 16, 1, 53, 8, 59, 46, 29, 5, 11, 7, 30, 32, 27, 33, 22, 21, 44, 40, 55, 18, 20, 38, 12]
[14, 39, 28, 5, 10, 88, 3, 54, 17, 18, 20, 49, 41, 85, 13, 37, 36, 38, 52, 91, 6, 56, 40, 12]
[36, 38, 18, 15, 16, 1, 8, 30, 28, 46, 25, 29, 27, 11, 21, 35, 12, 32, 20, 33, 7, 22, 47, 44]
[5, 105, 91, 49, 118, 52, 9, 79, 115, 127, 131, 3, 19, 39, 108, 111, 110, 109, 134, 133, 94, 6, 56, 40]
[4, 70, 48, 26, 85, 37, 2, 23, 72, 41, 87, 5, 51, 68, 42, 50, 6, 74, 9, 20, 79, 40, 71, 18]
[83, 42, 35, 26, 63, 9, 38, 101, 73, 68, 90, 92, 64, 37, 72, 74, 13, 76, 41, 4, 104, 97, 2, 40]
[18, 36, 38, 20, 28, 25, 12, 10, 29, 17, 3, 27, 35, 46, 21, 41, 14, 30, 39, 47, 49, 13, 37, 52]
[12, 30, 8, 35, 25, 27, 18, 20, 28, 15, 16, 1, 29, 7, 21, 13, 37, 11, 32, 4, 33, 22, 36, 24]
[36, 38, 18, 20, 94, 5, 28, 55, 25, 75, 71, 29, 67, 27, 35, 12, 40, 46, 61, 21, 30, 63, 47, 84]
[30, 8, 21, 29, 25, 35, 27, 20, 18, 28, 38, 7, 46, 12, 15, 16, 1, 32, 47, 11, 33, 22, 36, 44]
[137, 136, 142, 143, 135, 76, 138, 110, 139, 9, 144, 83, 3, 134, 133, 108, 97, 94, 111, 5, 116, 40, 74, 92]
[6, 74, 9, 20, 2, 10, 17, 3, 54, 41, 5, 14, 28, 39, 49, 50, 13, 37, 36, 52, 71, 40, 18, 42]
[18, 20, 5, 38, 40, 9, 12, 3, 44, 31, 48, 14, 43, 25, 23, 17, 32, 33, 45, 19, 6, 22, 34, 24]
[37, 26, 28, 10, 17, 3, 4, 41, 12, 13, 47, 2, 46, 48, 18, 14, 38, 23, 39, 40, 20, 36, 24, 42]
[44, 31, 14, 18, 20, 5, 43, 25, 23, 17, 32, 19, 33, 9, 45, 3, 39, 6, 22, 34, 38, 24, 40, 12]
[6, 9, 20, 2, 25, 28, 10, 17, 3, 5, 38, 29, 27, 35, 12, 14, 21, 39, 30, 13, 37, 36, 40, 18]
[79, 90, 41, 10, 68, 62, 66, 5, 42, 18, 1, 63, 20, 26, 65, 40, 87, 83, 35, 4, 71, 2, 50, 9]
[30, 8, 25, 28, 38, 5, 29, 27, 35, 12, 21, 7, 20, 15, 16, 1, 32, 40, 18, 11, 36, 33, 22, 44]
[29, 35, 30, 22, 32, 27, 25, 21, 20, 18, 28, 15, 38, 16, 1, 8, 46, 12, 11, 47, 33, 7, 44, 36]
[95, 18, 65, 20, 81, 93, 94, 69, 5, 13, 37, 12, 38, 4, 47, 40, 28, 46, 84, 100, 36, 24, 73, 50]
[92, 20, 110, 18, 97, 108, 94, 5, 38, 73, 64, 83, 90, 12, 26, 72, 37, 40, 74, 76, 13, 41, 104, 2]
[1, 8, 46, 82, 15, 16, 80, 86, 95, 81, 11, 29, 30, 32, 27, 59, 89, 33, 7, 22, 44, 21, 53, 55]
[36, 38, 18, 28, 94, 55, 5, 25, 75, 71, 29, 27, 67, 35, 12, 46, 61, 21, 30, 63, 20, 47, 40, 84]
[6, 9, 20, 2, 10, 17, 3, 41, 5, 14, 28, 13, 18, 39, 37, 12, 36, 4, 38, 47, 40, 46, 24, 42]
[50, 23, 4, 48, 26, 10, 17, 3, 37, 41, 2, 14, 28, 39, 6, 49, 51, 9, 20, 13, 36, 42, 52, 18]
[42, 35, 63, 26, 9, 38, 68, 64, 37, 13, 4, 41, 65, 18, 69, 2, 12, 40, 47, 28, 46, 50, 36, 24]
[8, 80, 30, 82, 15, 16, 21, 95, 1, 86, 81, 46, 7, 11, 29, 27, 32, 22, 59, 89, 33, 44, 53, 55]
[17, 10, 3, 14, 31, 5, 28, 13, 18, 37, 25, 12, 23, 36, 32, 38, 4, 33, 20, 19, 6, 22, 34, 24]
[29, 35, 30, 27, 25, 10, 17, 3, 38, 28, 41, 21, 14, 39, 12, 13, 37, 36, 20, 42, 9, 26, 18, 4]
[12, 10, 17, 3, 35, 41, 25, 27, 14, 28, 39, 13, 18, 20, 5, 37, 36, 38, 29, 46, 21, 30, 40, 47]
[5, 10, 17, 3, 12, 28, 38, 41, 14, 25, 39, 18, 20, 37, 35, 29, 13, 40, 27, 30, 36, 21, 24, 4]
[30, 47, 8, 25, 28, 15, 32, 16, 27, 7, 1, 22, 29, 38, 46, 35, 12, 21, 11, 20, 33, 44, 36, 18]
[67, 36, 38, 18, 55, 25, 28, 71, 30, 29, 27, 35, 12, 46, 61, 21, 20, 63, 47, 1, 5, 4, 50, 9]
[10, 17, 3, 12, 41, 14, 28, 39, 35, 5, 25, 27, 13, 37, 36, 38, 29, 46, 21, 40, 30, 20, 47, 18]
[55, 27, 47, 21, 18, 20, 94, 5, 29, 61, 35, 30, 25, 38, 28, 75, 71, 12, 40, 67, 46, 63, 36, 84]
[1, 8, 82, 15, 46, 22, 32, 16, 80, 86, 95, 11, 81, 29, 30, 27, 59, 89, 33, 7, 21, 44, 53, 55]
[18, 13, 20, 5, 81, 65, 12, 28, 38, 69, 47, 40, 76, 37, 9, 83, 50, 3, 46, 73, 4, 24, 36, 74]
[6, 9, 20, 2, 17, 10, 14, 3, 31, 5, 25, 28, 39, 23, 13, 32, 37, 36, 33, 19, 22, 34, 18, 24]
[30, 8, 80, 18, 20, 15, 16, 1, 7, 38, 46, 81, 27, 53, 11, 32, 29, 12, 59, 33, 22, 21, 44, 55]
[50, 23, 4, 37, 2, 26, 48, 41, 6, 5, 9, 20, 10, 17, 3, 14, 28, 39, 42, 49, 13, 40, 36, 18]
[73, 10, 17, 83, 3, 64, 54, 41, 26, 37, 14, 28, 39, 72, 13, 49, 5, 74, 36, 76, 52, 85, 40, 2]
[12, 18, 20, 35, 25, 27, 38, 65, 13, 55, 29, 28, 46, 61, 37, 30, 63, 21, 47, 4, 50, 40, 36, 24]
[42, 35, 63, 9, 38, 26, 62, 41, 65, 13, 18, 4, 37, 12, 10, 2, 47, 28, 3, 46, 50, 40, 36, 24]
[1, 8, 15, 18, 16, 13, 32, 37, 28, 21, 12, 40, 38, 11, 4, 44, 29, 30, 27, 33, 7, 36, 24, 22]
[22, 32, 30, 29, 25, 35, 28, 27, 38, 46, 12, 21, 15, 16, 1, 8, 20, 47, 11, 33, 7, 36, 44, 18]
[28, 10, 17, 40, 3, 38, 41, 14, 39, 29, 13, 37, 30, 46, 25, 36, 12, 35, 18, 4, 27, 24, 21, 20]
[114, 85, 110, 108, 94, 111, 5, 70, 48, 26, 96, 50, 23, 4, 72, 40, 41, 37, 2, 87, 68, 51, 42, 113]
[22, 32, 29, 25, 27, 35, 38, 28, 15, 30, 16, 1, 46, 8, 21, 12, 36, 18, 20, 47, 11, 33, 7, 44]
[5, 9, 3, 49, 52, 18, 39, 20, 19, 10, 17, 54, 38, 41, 14, 6, 28, 74, 40, 56, 12, 13, 37, 36]
[18, 20, 5, 38, 12, 13, 37, 4, 28, 17, 10, 14, 3, 31, 36, 25, 24, 23, 32, 33, 19, 6, 22, 34]
[15, 16, 1, 8, 11, 29, 30, 32, 27, 33, 7, 22, 21, 5, 18, 13, 37, 12, 4, 38, 40, 28, 36, 24]
[105, 91, 49, 5, 118, 52, 9, 115, 18, 20, 3, 19, 39, 110, 108, 94, 111, 109, 79, 38, 40, 12, 6, 56]
[18, 13, 4, 37, 10, 17, 3, 20, 41, 26, 2, 23, 14, 28, 39, 5, 12, 38, 36, 42, 47, 46, 40, 24]
[9, 6, 74, 91, 49, 20, 2, 52, 79, 5, 3, 19, 39, 50, 42, 35, 71, 63, 38, 26, 18, 68, 83, 4]
[3, 10, 17, 54, 49, 39, 5, 41, 9, 52, 14, 28, 19, 13, 6, 37, 36, 20, 2, 40, 50, 71, 18, 42]
[4, 2, 6, 37, 9, 10, 20, 17, 26, 3, 41, 23, 28, 14, 5, 39, 13, 12, 18, 36, 42, 38, 40, 24]
[22, 32, 86, 82, 15, 16, 80, 1, 8, 81, 5, 21, 46, 11, 29, 30, 27, 59, 33, 7, 40, 44, 53, 55]
[262, 261, 268, 263, 266, 148, 111, 184, 202, 5, 108, 282, 278, 249, 204, 109, 275, 215, 91, 252, 6, 56, 274, 142]
[18, 20, 94, 5, 29, 61, 38, 55, 35, 30, 25, 40, 75, 12, 28, 27, 71, 46, 67, 21, 63, 47, 36, 84]
[9, 76, 3, 6, 74, 20, 2, 79, 10, 17, 54, 41, 14, 28, 39, 49, 50, 13, 37, 36, 52, 71, 18, 42]
[30, 8, 80, 21, 81, 22, 32, 7, 82, 15, 16, 1, 5, 46, 27, 11, 29, 59, 33, 44, 6, 56, 53, 55]
[261, 258, 268, 266, 275, 278, 148, 111, 184, 202, 5, 108, 282, 249, 204, 109, 263, 215, 91, 252, 6, 56, 274, 142]
[84, 12, 28, 37, 95, 46, 81, 69, 38, 65, 13, 93, 47, 5, 18, 40, 24, 4, 36, 91, 73, 6, 56, 50]
[136, 152, 137, 142, 135, 149, 138, 110, 139, 144, 143, 134, 133, 108, 153, 94, 155, 111, 5, 150, 40, 148, 105, 131]
[10, 17, 3, 6, 41, 9, 20, 2, 14, 28, 39, 13, 5, 37, 18, 36, 12, 4, 38, 47, 40, 46, 24, 42]
[30, 8, 80, 5, 53, 59, 29, 15, 46, 7, 16, 1, 82, 27, 6, 11, 56, 32, 81, 33, 22, 21, 44, 55]
[18, 20, 15, 16, 1, 8, 13, 37, 12, 28, 25, 29, 4, 27, 11, 30, 21, 35, 32, 36, 24, 33, 7, 22]
[282, 148, 266, 274, 111, 184, 202, 5, 108, 262, 249, 261, 204, 258, 109, 263, 278, 275, 215, 91, 252, 6, 56, 142]
[50, 23, 72, 87, 20, 18, 79, 1, 5, 6, 74, 2, 9, 4, 37, 26, 48, 70, 85, 41, 71, 51, 68, 42]
[50, 23, 6, 72, 74, 9, 20, 2, 48, 70, 26, 79, 85, 5, 41, 4, 68, 37, 71, 87, 40, 42, 18, 51]
[30, 8, 29, 12, 28, 35, 7, 25, 27, 37, 15, 16, 1, 13, 32, 21, 18, 11, 20, 4, 24, 33, 22, 36]
[9, 6, 74, 3, 20, 2, 10, 17, 54, 5, 41, 14, 28, 39, 49, 50, 13, 37, 36, 52, 71, 40, 18, 42]
[10, 17, 3, 14, 28, 39, 13, 37, 36, 31, 25, 18, 20, 5, 23, 32, 33, 19, 6, 22, 34, 38, 24, 12]
[73, 83, 90, 113, 64, 26, 37, 72, 74, 92, 13, 41, 76, 104, 2, 97, 111, 5, 108, 109, 40, 91, 6, 56]
[73, 83, 64, 26, 37, 72, 74, 13, 41, 76, 5, 2, 4, 48, 70, 85, 23, 40, 6, 51, 68, 56, 42, 50]
[73, 64, 26, 37, 4, 72, 48, 70, 2, 23, 41, 5, 74, 51, 13, 68, 76, 18, 20, 42, 50, 40, 38, 12]
[3, 10, 17, 54, 41, 9, 14, 28, 39, 49, 5, 13, 37, 36, 52, 74, 6, 20, 2, 40, 50, 71, 18, 42]
[4, 37, 26, 70, 48, 2, 23, 72, 85, 87, 41, 51, 50, 68, 96, 42, 113, 111, 5, 108, 109, 91, 6, 56]
[6, 74, 9, 20, 2, 65, 69, 5, 18, 13, 37, 50, 12, 4, 38, 71, 47, 28, 40, 46, 36, 24, 73, 42]
[9, 6, 3, 49, 5, 20, 2, 52, 39, 10, 17, 19, 54, 41, 14, 28, 50, 13, 37, 36, 71, 40, 18, 42]
[1, 29, 8, 35, 30, 25, 38, 27, 28, 15, 16, 20, 21, 12, 18, 5, 44, 11, 32, 33, 7, 22, 40, 36]
[95, 65, 5, 81, 93, 69, 18, 13, 37, 12, 4, 38, 47, 28, 46, 91, 84, 6, 40, 56, 36, 24, 73, 50]
[30, 28, 8, 18, 7, 13, 37, 12, 15, 5, 27, 16, 1, 4, 38, 32, 11, 36, 24, 29, 33, 22, 21, 6]
[258, 262, 261, 268, 266, 263, 278, 148, 111, 184, 202, 5, 108, 249, 204, 109, 275, 215, 91, 252, 6, 56, 274, 142]
[6, 74, 9, 20, 2, 65, 69, 18, 13, 37, 12, 50, 4, 38, 47, 28, 46, 71, 40, 36, 24, 73, 5, 42]
[50, 6, 74, 23, 72, 9, 20, 2, 79, 18, 71, 87, 1, 5, 4, 42, 37, 26, 48, 70, 85, 41, 51, 68]
[117, 50, 122, 23, 72, 4, 96, 48, 70, 26, 85, 37, 18, 20, 114, 2, 41, 87, 51, 68, 42, 38, 113, 12]
[25, 29, 28, 12, 18, 15, 21, 16, 30, 1, 27, 37, 8, 35, 13, 4, 20, 11, 32, 36, 24, 33, 7, 22]
[12, 35, 29, 27, 25, 30, 28, 55, 38, 46, 61, 5, 37, 47, 63, 13, 21, 40, 20, 24, 18, 4, 36, 50]
[41, 62, 68, 4, 26, 48, 70, 85, 37, 42, 2, 23, 72, 108, 94, 87, 90, 5, 51, 50, 10, 66, 40, 96]
[67, 55, 25, 28, 75, 71, 100, 38, 29, 99, 27, 30, 35, 12, 46, 61, 21, 101, 63, 20, 47, 84, 36, 18]
[1, 46, 8, 15, 53, 82, 16, 80, 59, 29, 95, 86, 81, 11, 7, 30, 32, 27, 89, 33, 44, 22, 21, 55]
[35, 42, 63, 38, 9, 26, 68, 12, 25, 55, 27, 71, 28, 29, 67, 61, 46, 21, 30, 4, 20, 47, 36, 18]
[44, 18, 20, 31, 48, 14, 5, 43, 53, 25, 45, 23, 17, 32, 33, 19, 38, 6, 51, 22, 34, 40, 12, 24]
[29, 35, 30, 55, 61, 27, 25, 5, 28, 75, 71, 38, 21, 67, 12, 46, 63, 20, 47, 6, 56, 36, 84, 18]
[80, 8, 30, 22, 32, 82, 15, 16, 1, 86, 81, 21, 46, 5, 11, 7, 29, 27, 59, 33, 44, 40, 53, 55]
[4, 37, 41, 26, 48, 2, 23, 42, 51, 12, 28, 50, 18, 46, 13, 38, 5, 47, 10, 40, 24, 36, 6, 56]
[268, 274, 262, 261, 258, 266, 278, 263, 148, 111, 184, 202, 5, 108, 249, 204, 109, 275, 215, 91, 252, 6, 56, 142]
[41, 42, 26, 4, 37, 10, 2, 48, 23, 18, 20, 17, 3, 51, 14, 13, 28, 39, 49, 50, 36, 38, 12, 40]
[65, 69, 73, 64, 28, 37, 18, 47, 13, 26, 40, 72, 12, 74, 4, 38, 20, 46, 76, 41, 36, 24, 2, 50]
[44, 31, 14, 43, 25, 18, 13, 37, 5, 12, 23, 17, 32, 28, 38, 4, 33, 19, 6, 22, 34, 24, 40, 36]
[9, 6, 31, 14, 17, 3, 20, 2, 37, 25, 5, 10, 23, 32, 28, 39, 33, 19, 22, 34, 13, 36, 24, 18]
[20, 137, 18, 124, 135, 138, 110, 139, 144, 136, 142, 143, 134, 133, 108, 94, 111, 5, 38, 12, 40, 79, 105, 131]
[32, 5, 7, 1, 8, 18, 20, 13, 37, 12, 22, 38, 4, 28, 15, 16, 36, 24, 11, 29, 30, 27, 33, 21]
[3, 10, 17, 54, 41, 9, 14, 28, 39, 49, 5, 13, 37, 6, 74, 36, 20, 52, 2, 40, 50, 71, 18, 42]
[67, 29, 30, 55, 27, 35, 21, 25, 61, 28, 75, 71, 100, 99, 38, 84, 12, 46, 101, 63, 20, 47, 36, 18]
[5, 55, 25, 67, 28, 75, 6, 71, 38, 29, 56, 27, 35, 12, 46, 61, 21, 30, 63, 20, 47, 84, 36, 18]
[41, 62, 68, 73, 4, 37, 83, 26, 64, 42, 72, 2, 48, 70, 23, 51, 74, 10, 13, 76, 50, 5, 66, 40]
[44, 31, 48, 14, 9, 3, 5, 43, 25, 23, 17, 32, 33, 19, 45, 6, 51, 22, 34, 49, 52, 40, 39, 24]
[55, 25, 28, 75, 71, 67, 38, 5, 29, 27, 35, 12, 46, 61, 21, 30, 63, 20, 47, 84, 36, 6, 18, 56]
[258, 5, 204, 148, 111, 184, 202, 108, 249, 262, 261, 109, 264, 263, 215, 91, 252, 254, 6, 105, 56, 178, 142, 131]
[262, 268, 275, 148, 266, 111, 184, 202, 5, 108, 249, 204, 109, 261, 263, 215, 91, 252, 258, 6, 56, 274, 142, 278]
[95, 65, 81, 93, 69, 18, 103, 13, 37, 12, 4, 38, 47, 28, 104, 46, 84, 100, 40, 36, 24, 73, 50, 5]
[18, 15, 16, 1, 13, 8, 12, 4, 28, 11, 29, 27, 25, 30, 32, 36, 24, 21, 33, 7, 22, 35, 5, 20]
[268, 148, 266, 274, 111, 184, 202, 5, 262, 108, 249, 261, 204, 258, 109, 263, 278, 275, 215, 91, 252, 6, 56, 142]
[6, 9, 20, 2, 50, 55, 25, 18, 28, 38, 29, 27, 35, 12, 46, 61, 21, 42, 1, 30, 5, 47, 36, 4]
[42, 35, 26, 9, 38, 62, 41, 48, 4, 37, 18, 2, 13, 23, 12, 10, 51, 47, 28, 46, 40, 36, 24, 50]
[5, 204, 76, 9, 175, 137, 83, 160, 153, 3, 143, 148, 211, 97, 237, 116, 105, 213, 74, 142, 243, 178, 92, 131]
[62, 41, 68, 42, 65, 69, 18, 20, 13, 37, 12, 10, 26, 38, 4, 2, 66, 47, 28, 46, 40, 36, 24, 50]
[63, 35, 42, 26, 9, 38, 68, 5, 4, 79, 12, 65, 69, 18, 13, 37, 47, 28, 46, 40, 36, 24, 73, 50]
[8, 30, 15, 16, 1, 59, 53, 21, 18, 20, 5, 46, 11, 7, 29, 27, 33, 32, 22, 38, 44, 40, 12, 55]
[133, 68, 62, 42, 129, 41, 35, 113, 63, 9, 38, 101, 26, 83, 138, 116, 151, 90, 128, 4, 10, 94, 2, 66]
[10, 17, 3, 36, 38, 28, 18, 41, 14, 25, 39, 5, 29, 27, 30, 13, 35, 12, 46, 37, 21, 20, 47, 40]
[32, 5, 8, 46, 1, 7, 82, 30, 22, 80, 11, 44, 27, 15, 16, 86, 81, 29, 59, 89, 33, 21, 53, 55]
[15, 53, 16, 59, 29, 46, 5, 7, 82, 80, 1, 8, 33, 81, 11, 6, 30, 32, 27, 56, 22, 44, 21, 55]
[4, 37, 26, 70, 48, 2, 85, 23, 72, 87, 41, 51, 5, 68, 42, 50, 6, 74, 9, 20, 79, 40, 71, 18]
[5, 15, 82, 16, 53, 80, 1, 8, 59, 86, 46, 29, 81, 11, 32, 7, 30, 27, 89, 33, 22, 21, 44, 55]
[94, 55, 5, 25, 28, 75, 71, 38, 29, 27, 67, 35, 12, 46, 61, 21, 30, 63, 20, 40, 47, 36, 18, 84]
[9, 6, 3, 49, 5, 20, 2, 52, 39, 10, 17, 19, 54, 41, 14, 28, 13, 50, 37, 36, 71, 40, 18, 42]
[10, 115, 17, 96, 3, 54, 104, 88, 109, 41, 14, 93, 28, 39, 49, 102, 13, 37, 36, 52, 85, 103, 5, 105]
[47, 55, 99, 25, 100, 5, 28, 75, 71, 38, 29, 27, 67, 35, 12, 46, 61, 21, 30, 63, 20, 36, 84, 18]
[80, 8, 30, 22, 32, 82, 15, 16, 1, 86, 81, 21, 46, 5, 11, 7, 29, 27, 59, 33, 44, 40, 53, 55]
[10, 115, 17, 96, 3, 54, 104, 88, 109, 41, 14, 93, 28, 39, 49, 102, 13, 37, 36, 52, 85, 5, 103, 105]
[67, 5, 30, 38, 99, 55, 29, 25, 75, 100, 28, 71, 46, 35, 27, 12, 61, 21, 84, 63, 20, 47, 36, 18]
[15, 16, 1, 8, 46, 11, 12, 30, 29, 27, 32, 35, 33, 25, 7, 21, 22, 44, 28, 38, 5, 20, 36, 18]
[5, 12, 10, 17, 3, 41, 14, 28, 13, 37, 39, 18, 49, 26, 36, 4, 38, 52, 47, 46, 40, 24, 50, 2]
[95, 65, 81, 93, 69, 5, 18, 12, 13, 37, 4, 38, 47, 28, 46, 84, 40, 91, 36, 24, 6, 73, 56, 50]
[4, 122, 5, 37, 128, 87, 26, 117, 70, 48, 114, 2, 85, 23, 72, 41, 51, 68, 129, 42, 50, 113, 105, 96]
[55, 101, 25, 99, 28, 100, 75, 71, 47, 38, 29, 27, 67, 35, 12, 46, 61, 21, 30, 63, 20, 36, 84, 18]
[73, 83, 90, 92, 113, 64, 26, 37, 72, 74, 13, 41, 76, 97, 104, 2, 40, 111, 5, 108, 109, 91, 6, 56]
[67, 38, 42, 35, 63, 9, 26, 68, 36, 18, 55, 25, 28, 71, 29, 30, 27, 12, 46, 61, 21, 4, 20, 47]
[258, 5, 204, 148, 111, 184, 202, 108, 249, 262, 261, 109, 264, 263, 215, 91, 252, 254, 6, 105, 56, 178, 142, 131]
[10, 17, 3, 54, 41, 14, 28, 39, 13, 12, 49, 37, 18, 5, 36, 52, 9, 4, 38, 47, 46, 40, 24, 50]
[27, 21, 29, 35, 30, 5, 25, 28, 10, 17, 3, 38, 41, 12, 14, 46, 39, 49, 13, 20, 47, 37, 36, 18]
[8, 15, 16, 1, 30, 5, 11, 12, 29, 7, 32, 27, 33, 22, 21, 18, 6, 13, 37, 4, 38, 28, 36, 24]
[4, 37, 5, 26, 70, 48, 73, 2, 72, 83, 90, 85, 23, 64, 87, 41, 51, 68, 74, 42, 13, 50, 76, 40]
[95, 65, 81, 93, 5, 69, 18, 13, 37, 12, 4, 38, 47, 28, 46, 84, 40, 36, 24, 73, 91, 50, 6, 56]
[3, 10, 17, 9, 54, 18, 41, 1, 5, 14, 20, 28, 39, 49, 13, 37, 36, 6, 52, 4, 2, 71, 50, 42]
[11, 7, 28, 40, 12, 5, 15, 16, 1, 8, 29, 18, 32, 30, 13, 27, 33, 37, 22, 21, 4, 38, 36, 24]
[5, 12, 18, 13, 37, 38, 4, 28, 55, 46, 47, 25, 29, 40, 36, 24, 27, 35, 30, 61, 21, 50, 63, 20]
[278, 148, 268, 266, 111, 184, 202, 5, 108, 249, 204, 274, 258, 109, 263, 261, 275, 215, 91, 252, 6, 56, 262, 142]
[65, 18, 76, 81, 9, 69, 20, 83, 3, 5, 13, 37, 12, 38, 4, 47, 28, 46, 40, 36, 24, 74, 73, 50]
[8, 30, 46, 1, 80, 5, 7, 32, 82, 15, 16, 27, 86, 44, 81, 11, 29, 22, 59, 89, 33, 21, 53, 55]
[73, 83, 90, 64, 26, 37, 4, 72, 5, 2, 48, 70, 85, 23, 41, 87, 74, 13, 51, 76, 68, 42, 50, 40]
[10, 17, 3, 28, 54, 41, 47, 14, 40, 39, 49, 13, 37, 36, 52, 65, 5, 18, 12, 4, 38, 46, 24, 50]
[11, 7, 89, 53, 59, 82, 33, 15, 16, 80, 1, 8, 5, 86, 46, 81, 44, 29, 30, 32, 27, 22, 21, 55]
[12, 35, 25, 27, 15, 22, 16, 1, 32, 8, 5, 11, 29, 30, 28, 21, 33, 38, 7, 44, 6, 20, 36, 18]
[42, 35, 26, 64, 63, 9, 38, 41, 37, 62, 65, 13, 4, 18, 12, 2, 47, 28, 46, 40, 10, 36, 24, 50]
[32, 5, 8, 15, 16, 1, 40, 11, 12, 7, 30, 18, 13, 37, 29, 22, 27, 33, 21, 4, 38, 28, 36, 24]
[95, 65, 81, 93, 69, 12, 18, 103, 13, 37, 5, 4, 38, 47, 28, 104, 46, 84, 100, 40, 36, 24, 73, 50]
[65, 40, 105, 95, 81, 93, 69, 18, 103, 13, 37, 12, 4, 38, 47, 28, 104, 46, 84, 100, 36, 24, 73, 50]
[82, 15, 16, 80, 1, 8, 86, 46, 81, 11, 5, 7, 29, 32, 30, 22, 27, 59, 89, 33, 21, 44, 53, 55]
[30, 8, 80, 82, 15, 59, 53, 16, 1, 46, 81, 11, 7, 27, 29, 32, 33, 22, 21, 44, 5, 55, 6, 56]
[44, 9, 5, 3, 31, 49, 48, 52, 14, 19, 39, 43, 25, 23, 17, 32, 33, 45, 6, 51, 22, 34, 40, 24]
[37, 41, 17, 12, 42, 5, 10, 18, 13, 36, 26, 2, 4, 38, 28, 3, 47, 46, 14, 40, 39, 24, 49, 50]
[5, 6, 74, 2, 50, 9, 20, 23, 72, 4, 79, 37, 40, 26, 48, 70, 85, 87, 41, 51, 68, 42, 71, 18]
[50, 23, 4, 70, 48, 26, 10, 17, 3, 37, 41, 54, 2, 14, 28, 39, 49, 51, 68, 5, 13, 36, 42, 52]
[41, 4, 37, 26, 48, 2, 23, 42, 51, 50, 18, 13, 10, 12, 38, 47, 28, 46, 5, 40, 36, 24, 6, 56]
[44, 31, 14, 5, 43, 25, 23, 17, 32, 33, 19, 6, 22, 34, 24, 18, 13, 37, 12, 4, 38, 28, 40, 36]
[29, 15, 16, 1, 8, 30, 35, 18, 25, 12, 13, 27, 28, 11, 21, 32, 4, 22, 33, 7, 20, 24, 5, 6]
[27, 21, 29, 5, 35, 30, 38, 15, 16, 1, 8, 25, 22, 32, 46, 28, 11, 12, 33, 20, 7, 44, 36, 18]
[5, 25, 38, 29, 28, 10, 17, 3, 35, 27, 46, 41, 30, 12, 14, 21, 39, 49, 13, 20, 47, 37, 36, 18]
[44, 59, 57, 31, 48, 14, 43, 53, 25, 5, 23, 17, 32, 56, 58, 33, 45, 19, 6, 51, 22, 34, 60, 24]
[1, 8, 15, 16, 5, 11, 18, 29, 13, 21, 30, 32, 27, 12, 33, 7, 22, 4, 28, 25, 36, 24, 35, 20]
[6, 98, 131, 178, 191, 163, 74, 123, 154, 100, 9, 121, 20, 2, 118, 79, 148, 152, 50, 205, 181, 71, 18, 42]
[47, 22, 32, 18, 20, 29, 25, 35, 38, 30, 28, 27, 12, 46, 21, 15, 16, 1, 8, 11, 33, 7, 36, 44]
[15, 16, 22, 1, 8, 32, 11, 30, 29, 27, 33, 7, 21, 44, 18, 13, 37, 12, 4, 38, 28, 40, 36, 24]
[258, 148, 266, 268, 111, 184, 202, 5, 108, 249, 204, 262, 261, 263, 109, 275, 215, 91, 252, 6, 56, 278, 274, 142]
[44, 59, 57, 31, 48, 14, 43, 53, 25, 5, 23, 17, 32, 56, 58, 33, 45, 19, 6, 51, 22, 34, 60, 24]
[5, 55, 6, 25, 56, 28, 67, 75, 71, 38, 29, 27, 35, 12, 46, 61, 21, 30, 63, 20, 47, 36, 84, 18]
[44, 31, 14, 5, 43, 25, 17, 10, 3, 23, 32, 41, 28, 39, 33, 45, 19, 6, 22, 34, 13, 37, 36, 24]
[18, 20, 25, 28, 38, 29, 27, 12, 35, 46, 21, 30, 10, 17, 3, 41, 14, 13, 39, 37, 36, 4, 40, 24]
[18, 13, 37, 12, 29, 28, 4, 15, 35, 16, 1, 25, 8, 30, 27, 22, 32, 36, 24, 21, 11, 20, 33, 7]
[47, 55, 25, 29, 5, 28, 75, 71, 100, 38, 27, 99, 35, 67, 12, 46, 61, 30, 21, 63, 20, 36, 84, 18]
[12, 35, 25, 27, 1, 8, 5, 28, 15, 16, 29, 18, 21, 30, 13, 11, 20, 4, 32, 33, 7, 22, 36, 24]
[28, 47, 40, 10, 17, 3, 54, 41, 14, 39, 5, 49, 13, 37, 36, 52, 65, 18, 12, 4, 38, 46, 24, 50]
[29, 35, 27, 55, 30, 12, 38, 25, 21, 75, 5, 61, 71, 28, 46, 67, 63, 20, 47, 6, 56, 36, 84, 18]
[98, 6, 20, 79, 74, 100, 18, 9, 1, 5, 2, 94, 4, 50, 71, 105, 91, 49, 52, 3, 19, 39, 42, 109]
[18, 1, 47, 5, 55, 20, 25, 71, 28, 38, 29, 27, 67, 35, 12, 46, 61, 21, 4, 30, 63, 50, 36, 9]
[8, 1, 5, 32, 15, 16, 18, 13, 37, 11, 12, 29, 4, 38, 30, 28, 27, 33, 7, 22, 21, 40, 36, 24]
[29, 35, 30, 5, 27, 55, 61, 25, 38, 12, 21, 75, 28, 71, 46, 67, 63, 20, 47, 6, 56, 36, 84, 18]
[36, 5, 38, 18, 28, 55, 47, 25, 40, 13, 12, 37, 6, 29, 56, 46, 27, 35, 21, 4, 30, 20, 24, 50]
[53, 15, 89, 16, 59, 82, 80, 1, 8, 86, 81, 5, 46, 11, 33, 44, 29, 30, 32, 27, 7, 22, 21, 55]
[18, 13, 37, 12, 38, 55, 28, 25, 5, 4, 46, 29, 47, 27, 35, 61, 30, 21, 40, 36, 24, 63, 20, 50]
[5, 111, 108, 109, 62, 2, 41, 68, 42, 91, 138, 129, 105, 6, 116, 56, 113, 90, 128, 131, 10, 94, 26, 66]
[44, 9, 57, 3, 31, 48, 14, 5, 43, 53, 25, 23, 17, 32, 56, 58, 33, 45, 19, 6, 51, 22, 34, 24]
[22, 32, 25, 28, 30, 38, 29, 27, 8, 35, 12, 21, 5, 20, 15, 16, 1, 7, 11, 36, 6, 33, 18, 44]
[5, 55, 25, 28, 75, 71, 38, 29, 27, 67, 35, 12, 46, 61, 21, 30, 63, 20, 47, 6, 56, 36, 84, 18]
[64, 26, 37, 10, 17, 5, 3, 41, 54, 4, 13, 14, 28, 39, 2, 48, 49, 23, 36, 51, 52, 42, 50, 40]
[148, 111, 5, 108, 109, 62, 91, 41, 6, 68, 56, 42, 138, 129, 116, 142, 113, 90, 128, 10, 94, 26, 2, 66]
[65, 62, 41, 18, 13, 2, 37, 42, 12, 5, 4, 38, 47, 28, 46, 40, 36, 24, 10, 26, 66, 50, 6, 56]
[258, 148, 266, 111, 263, 184, 202, 5, 108, 249, 268, 204, 109, 261, 262, 275, 215, 91, 252, 6, 56, 274, 142, 278]
[40, 65, 105, 28, 95, 47, 104, 81, 93, 69, 18, 103, 13, 37, 12, 4, 100, 38, 46, 84, 73, 36, 24, 50]
[258, 262, 261, 268, 266, 263, 148, 111, 184, 202, 5, 108, 249, 204, 109, 278, 275, 215, 91, 252, 6, 56, 274, 142]
[46, 1, 8, 11, 5, 82, 53, 15, 59, 29, 16, 80, 32, 86, 44, 81, 7, 30, 27, 89, 33, 22, 21, 55]
[133, 129, 42, 243, 226, 35, 63, 113, 206, 9, 38, 101, 168, 26, 154, 68, 83, 92, 4, 87, 111, 5, 229, 217]
[28, 47, 40, 5, 55, 25, 38, 29, 12, 27, 18, 46, 35, 61, 21, 13, 37, 30, 63, 20, 4, 36, 24, 50]
[46, 1, 8, 5, 82, 15, 16, 80, 86, 11, 21, 44, 81, 7, 32, 29, 22, 30, 27, 59, 89, 33, 53, 55]
[55, 25, 5, 28, 75, 71, 38, 29, 27, 67, 35, 12, 46, 61, 21, 30, 63, 20, 47, 6, 56, 36, 84, 18]
[1, 8, 46, 15, 16, 11, 29, 25, 27, 30, 38, 32, 28, 21, 33, 7, 36, 22, 44, 18, 35, 12, 5, 20]
[41, 42, 50, 23, 26, 5, 10, 2, 4, 37, 48, 18, 13, 12, 51, 38, 47, 28, 46, 6, 56, 40, 36, 24]
[5, 10, 17, 3, 14, 28, 39, 31, 13, 37, 18, 25, 36, 12, 23, 32, 4, 38, 33, 19, 6, 22, 34, 24]
[30, 8, 80, 11, 82, 7, 32, 22, 15, 16, 1, 5, 27, 46, 81, 29, 59, 33, 21, 6, 44, 56, 53, 55]
[64, 26, 37, 41, 13, 5, 2, 4, 18, 48, 23, 12, 40, 38, 51, 47, 28, 46, 6, 56, 36, 50, 42, 24]
[87, 4, 18, 37, 1, 5, 26, 2, 70, 48, 20, 79, 23, 85, 72, 41, 51, 68, 50, 42, 6, 74, 9, 71]
[195, 174, 192, 185, 180, 164, 188, 158, 157, 156, 184, 198, 162, 18, 20, 153, 124, 137, 194, 148, 179, 38, 12, 151]
[64, 73, 72, 26, 37, 41, 13, 5, 65, 69, 2, 18, 12, 40, 4, 6, 38, 56, 47, 28, 46, 36, 24, 50]
[18, 20, 4, 37, 117, 26, 48, 70, 114, 2, 85, 23, 122, 72, 87, 41, 51, 68, 38, 42, 50, 12, 113, 96]
[30, 8, 62, 41, 42, 7, 11, 15, 16, 1, 27, 32, 46, 10, 26, 2, 29, 59, 33, 22, 21, 44, 53, 55]
[5, 4, 37, 38, 26, 48, 2, 23, 29, 41, 25, 30, 46, 28, 35, 27, 12, 42, 21, 50, 20, 47, 36, 18]
[22, 32, 5, 81, 21, 86, 40, 82, 15, 16, 80, 1, 8, 11, 46, 29, 30, 27, 59, 33, 7, 44, 53, 55]
[30, 8, 80, 22, 32, 7, 5, 82, 15, 16, 1, 27, 46, 81, 11, 29, 59, 33, 21, 6, 44, 56, 53, 55]
[4, 37, 26, 2, 23, 38, 29, 25, 28, 18, 30, 13, 10, 17, 12, 3, 35, 27, 14, 21, 5, 36, 20, 24]
[5, 55, 38, 62, 41, 25, 29, 28, 46, 27, 35, 30, 42, 12, 61, 21, 63, 20, 47, 10, 26, 2, 36, 18]
[62, 41, 68, 243, 2, 42, 138, 182, 129, 195, 169, 116, 166, 151, 113, 90, 170, 128, 217, 160, 10, 94, 26, 66]
[28, 6, 47, 40, 9, 20, 2, 10, 17, 3, 5, 41, 14, 13, 18, 39, 37, 12, 36, 4, 38, 46, 24, 42]
[1, 8, 5, 15, 16, 7, 22, 11, 29, 18, 30, 32, 13, 27, 37, 33, 21, 12, 6, 4, 38, 28, 36, 24]
[44, 59, 57, 31, 48, 14, 5, 43, 53, 25, 23, 17, 32, 56, 58, 33, 45, 19, 6, 51, 22, 34, 60, 24]
[50, 23, 47, 4, 37, 26, 48, 2, 25, 5, 28, 41, 38, 29, 27, 35, 12, 46, 21, 30, 42, 20, 36, 18]
[22, 32, 15, 16, 25, 1, 8, 28, 38, 29, 27, 35, 12, 21, 30, 11, 20, 33, 7, 10, 26, 2, 36, 18]
[36, 1, 8, 38, 18, 46, 15, 16, 21, 28, 11, 29, 25, 27, 30, 32, 33, 35, 12, 7, 20, 22, 44, 47]
[28, 47, 40, 25, 41, 38, 29, 27, 35, 46, 12, 42, 21, 30, 20, 18, 13, 37, 10, 26, 2, 36, 4, 24]
[18, 1, 8, 15, 16, 13, 5, 28, 12, 11, 7, 4, 29, 30, 32, 27, 22, 33, 21, 24, 25, 6, 35, 20]
[17, 10, 115, 96, 3, 37, 54, 41, 104, 88, 109, 14, 93, 28, 39, 49, 102, 13, 36, 52, 85, 5, 103, 105]
[62, 41, 68, 243, 138, 42, 182, 129, 116, 195, 169, 166, 151, 113, 90, 217, 94, 170, 128, 160, 10, 2, 26, 66]
[204, 5, 105, 91, 49, 252, 118, 184, 254, 142, 52, 9, 249, 115, 255, 127, 178, 131, 3, 19, 39, 109, 215, 139]
[28, 47, 40, 104, 81, 95, 100, 65, 93, 5, 69, 18, 73, 103, 13, 37, 12, 4, 38, 46, 84, 36, 24, 50]
[36, 38, 18, 41, 42, 28, 55, 25, 5, 29, 27, 35, 12, 46, 61, 10, 21, 26, 30, 2, 20, 47, 6, 56]
[7, 8, 62, 41, 22, 1, 15, 16, 42, 46, 11, 29, 30, 32, 27, 59, 33, 21, 10, 26, 44, 2, 53, 55]
[11, 7, 82, 95, 8, 15, 16, 80, 1, 22, 86, 46, 81, 29, 30, 32, 27, 59, 89, 33, 21, 44, 53, 55]
[62, 41, 68, 243, 42, 138, 182, 129, 195, 169, 116, 166, 151, 113, 90, 170, 217, 128, 94, 160, 10, 26, 2, 66]
[11, 7, 5, 15, 16, 1, 8, 46, 29, 30, 32, 27, 33, 22, 21, 44, 25, 28, 38, 35, 12, 20, 36, 18]
[7, 8, 15, 25, 16, 1, 28, 22, 46, 29, 38, 27, 5, 35, 12, 21, 30, 11, 20, 32, 33, 44, 36, 18]
[138, 116, 94, 217, 182, 166, 41, 68, 62, 10, 243, 42, 129, 195, 169, 151, 113, 90, 170, 128, 160, 26, 2, 66]
[5, 15, 29, 25, 16, 1, 8, 28, 38, 27, 35, 11, 12, 21, 20, 7, 30, 18, 32, 33, 22, 44, 40, 36]
[25, 28, 29, 27, 12, 35, 18, 20, 21, 30, 15, 16, 1, 8, 13, 37, 11, 7, 4, 32, 36, 22, 33, 24]
[37, 17, 41, 64, 5, 26, 10, 3, 54, 4, 13, 14, 2, 48, 28, 39, 23, 49, 36, 51, 52, 42, 50, 40]
[21, 81, 82, 15, 16, 80, 1, 5, 8, 53, 46, 11, 29, 30, 32, 27, 59, 33, 7, 22, 44, 6, 56, 55]
[5, 105, 91, 49, 118, 135, 52, 9, 115, 127, 110, 131, 3, 19, 39, 136, 134, 133, 108, 94, 111, 137, 109, 40]
[5, 15, 16, 1, 8, 11, 18, 13, 37, 12, 32, 29, 30, 4, 38, 40, 7, 27, 33, 22, 28, 21, 36, 24]
[6, 98, 131, 123, 118, 74, 100, 9, 121, 20, 2, 79, 110, 134, 133, 108, 94, 111, 5, 50, 71, 40, 18, 42]
[11, 7, 20, 6, 18, 9, 1, 5, 2, 4, 50, 33, 42, 15, 16, 8, 44, 46, 29, 30, 32, 27, 22, 21]
[135, 149, 138, 110, 139, 144, 136, 142, 108, 143, 134, 133, 111, 94, 152, 5, 137, 148, 150, 109, 40, 91, 6, 56]
[5, 65, 69, 73, 37, 18, 64, 13, 26, 12, 72, 4, 38, 74, 47, 28, 46, 40, 76, 41, 36, 24, 50, 2]
[100, 20, 18, 55, 25, 28, 75, 71, 38, 29, 99, 27, 67, 12, 35, 46, 61, 21, 30, 101, 63, 47, 36, 84]
[3, 10, 17, 9, 54, 18, 41, 1, 5, 14, 20, 28, 39, 49, 13, 37, 36, 6, 52, 4, 2, 71, 50, 42]
[5, 53, 59, 15, 29, 46, 16, 1, 80, 8, 7, 6, 81, 56, 40, 11, 30, 32, 27, 33, 22, 21, 44, 55]
[148, 111, 108, 5, 135, 149, 138, 110, 139, 144, 136, 142, 143, 134, 133, 109, 94, 152, 137, 150, 91, 6, 56, 40]
[9, 6, 3, 49, 5, 20, 10, 52, 2, 39, 17, 19, 54, 41, 14, 28, 13, 50, 37, 36, 71, 40, 18, 42]
[62, 55, 41, 25, 38, 28, 29, 27, 42, 35, 46, 12, 61, 21, 30, 63, 20, 47, 10, 26, 2, 66, 36, 18]
[18, 20, 1, 5, 6, 28, 9, 47, 40, 3, 2, 4, 71, 65, 50, 69, 13, 37, 12, 38, 42, 46, 36, 24]
[53, 59, 29, 15, 46, 5, 7, 40, 82, 16, 80, 1, 8, 86, 81, 11, 30, 32, 27, 33, 22, 21, 44, 55]
[62, 41, 68, 243, 42, 138, 182, 129, 195, 169, 116, 166, 151, 113, 90, 170, 128, 217, 160, 10, 94, 26, 2, 66]
[28, 5, 36, 40, 38, 18, 25, 12, 29, 27, 35, 13, 37, 6, 21, 30, 4, 20, 26, 24, 2, 23, 41, 42]
[174, 164, 124, 158, 157, 156, 162, 18, 20, 153, 137, 148, 179, 111, 5, 108, 38, 109, 12, 151, 91, 6, 56, 142]
[10, 17, 3, 41, 14, 28, 39, 5, 13, 37, 36, 31, 40, 43, 25, 9, 19, 23, 32, 33, 6, 22, 34, 24]
[47, 55, 25, 28, 75, 71, 38, 29, 27, 67, 35, 12, 46, 5, 61, 21, 30, 63, 20, 6, 36, 56, 84, 18]
[135, 149, 138, 110, 139, 144, 136, 5, 142, 143, 134, 133, 108, 153, 94, 155, 152, 111, 137, 150, 40, 148, 105, 131]
[62, 41, 68, 243, 42, 138, 182, 129, 195, 169, 116, 166, 151, 113, 90, 170, 128, 217, 160, 10, 94, 26, 2, 66]
[65, 5, 18, 13, 37, 12, 4, 38, 47, 28, 40, 46, 26, 48, 2, 23, 36, 24, 41, 51, 50, 42, 6, 56]
[5, 67, 55, 94, 25, 28, 75, 71, 38, 29, 27, 35, 12, 46, 61, 21, 30, 63, 20, 47, 40, 36, 84, 18]
[47, 94, 5, 55, 25, 28, 75, 71, 38, 29, 27, 67, 35, 12, 46, 61, 21, 40, 30, 63, 20, 36, 84, 18]
[25, 28, 21, 38, 29, 27, 15, 16, 1, 8, 35, 12, 10, 30, 20, 11, 7, 32, 26, 22, 33, 2, 36, 18]
[5, 94, 65, 81, 93, 69, 18, 13, 37, 12, 91, 6, 4, 40, 38, 56, 47, 28, 46, 84, 36, 24, 73, 50]
[5, 16, 80, 33, 15, 1, 8, 46, 81, 55, 11, 30, 32, 29, 27, 59, 7, 22, 44, 21, 6, 56, 40, 53]
[37, 17, 41, 5, 10, 3, 28, 13, 18, 14, 39, 12, 36, 38, 25, 4, 29, 27, 35, 21, 40, 24, 30, 20]
[4, 48, 70, 26, 85, 37, 2, 23, 72, 41, 87, 51, 68, 42, 50, 111, 5, 108, 113, 109, 96, 91, 6, 56]
[41, 25, 28, 38, 29, 27, 35, 12, 46, 21, 30, 20, 47, 10, 42, 18, 13, 37, 36, 4, 40, 26, 24, 2]
[5, 37, 17, 41, 73, 83, 64, 26, 72, 10, 3, 54, 40, 74, 13, 14, 28, 39, 36, 76, 49, 52, 85, 2]
[41, 55, 25, 62, 28, 38, 29, 27, 35, 12, 46, 61, 21, 42, 30, 10, 63, 20, 47, 26, 36, 2, 66, 18]
[64, 72, 110, 134, 133, 108, 94, 111, 5, 41, 76, 90, 92, 73, 83, 40, 113, 26, 37, 74, 13, 104, 2, 97]
[62, 41, 42, 16, 33, 10, 26, 15, 2, 55, 1, 11, 8, 7, 30, 32, 46, 44, 29, 27, 59, 22, 21, 53]
[135, 149, 138, 110, 139, 144, 136, 142, 108, 143, 134, 133, 94, 111, 152, 5, 137, 150, 148, 40, 109, 91, 6, 56]
[36, 38, 18, 94, 5, 55, 28, 25, 75, 71, 29, 27, 67, 35, 12, 46, 61, 21, 30, 63, 40, 20, 47, 84]
[4, 37, 26, 48, 70, 2, 85, 23, 72, 87, 41, 51, 68, 5, 42, 50, 73, 83, 90, 64, 74, 13, 76, 40]
[62, 41, 68, 243, 42, 138, 182, 129, 195, 169, 116, 166, 151, 113, 90, 170, 217, 128, 94, 160, 10, 26, 2, 66]
[135, 76, 137, 138, 110, 139, 9, 136, 142, 83, 3, 134, 133, 108, 97, 94, 111, 5, 116, 40, 74, 92, 105, 131]
[37, 17, 10, 41, 3, 54, 5, 14, 28, 39, 49, 64, 13, 36, 72, 73, 83, 52, 85, 40, 26, 76, 74, 2]
[36, 18, 15, 16, 1, 8, 28, 11, 13, 29, 30, 12, 32, 27, 33, 7, 5, 22, 21, 4, 24, 25, 35, 20]
[11, 7, 15, 16, 1, 8, 46, 29, 59, 53, 41, 62, 30, 32, 27, 33, 22, 21, 42, 44, 10, 55, 26, 2]
[21, 62, 41, 15, 16, 1, 8, 42, 11, 46, 29, 32, 30, 27, 59, 33, 7, 22, 10, 26, 44, 2, 53, 55]
[94, 217, 182, 138, 166, 116, 41, 68, 195, 66, 113, 62, 10, 170, 243, 42, 90, 129, 169, 151, 160, 128, 26, 2]
[73, 83, 90, 113, 64, 26, 37, 72, 74, 92, 13, 97, 76, 41, 104, 2, 111, 5, 108, 109, 40, 91, 6, 56]
[94, 182, 217, 138, 116, 166, 41, 62, 68, 243, 195, 42, 113, 129, 169, 66, 10, 151, 90, 170, 128, 160, 26, 2]
[44, 31, 48, 5, 14, 49, 43, 52, 9, 25, 19, 3, 39, 23, 17, 32, 33, 45, 6, 51, 22, 34, 24, 40]
[4, 48, 70, 26, 85, 37, 87, 110, 114, 2, 108, 23, 72, 41, 94, 111, 5, 51, 68, 42, 50, 40, 113, 96]
[25, 15, 21, 16, 1, 8, 28, 29, 38, 27, 35, 12, 30, 11, 20, 10, 32, 26, 33, 2, 7, 22, 36, 18]
[37, 26, 41, 17, 13, 5, 2, 10, 3, 18, 28, 14, 39, 12, 40, 49, 36, 4, 38, 47, 46, 52, 24, 50]
[65, 4, 37, 26, 48, 2, 18, 5, 23, 13, 41, 12, 51, 38, 40, 47, 28, 46, 42, 50, 36, 24, 6, 56]
[108, 65, 40, 105, 258, 196, 148, 111, 184, 202, 5, 249, 204, 263, 109, 261, 262, 215, 91, 252, 6, 56, 217, 142]
